(0, 0, 0, 0), [1.2499500274201834, 1.249999984620487]
(0, -1, 0, 0), [1.2499754951867017, 1.244151169702955]
(0, -1, 1, 1), [1.2495967692566028, 1.2412738024291934]
(0, -1, 1, 0), [1.236709073089546, 1.2499999715695884]
(0, -1, 2, 1), [1.2499338217547593, 1.2446639268047865]
(0, -1, 3, 0), [1.249999327959965, 1.1845813827843454]
(0, -1, 3, 1), [1.2499986104613554, 1.2367134079511635]
(0, -1, 0, 1), [1.248070531315764, 1.2499951930850879]
(0, -1, 2, 0), [1.2497649970150906, 1.2499999903149228]
(0, 0, 2, 0), [1.2458298045121379, 1.2499999388925667]
(0, 0, 3, 0), [1.2499999870455745, 1.2483485781147972]
(0, 0, 1, 0), [1.2499238100091603, 1.2499994422442362]
(0, 1, 1, 0), [1.249999305726124, 1.2491303709162664]
(1, 0, 2, 0), [0.7652073781475809, 1.2497871582787827]
(1, 1, 2, 0), [1.2497763179993244, 0.8969345639709257]
(1, 0, 3, 0), [1.2419764548159407, 0.2373165817062257]
(0, 1, 0, 0), [1.2499998312168086, 1.2499616033374037]
(0, 1, 0, -1), [1.2499918954229148, 1.2499831748588683]
(0, 1, -1, 0), [1.2499924980442867, 1.2499999949338636]
(0, 1, -1, -1), [1.2297464418643742, 1.2499999908209947]
(0, 1, -2, 0), [1.2499868977285467, 1.2499990084745591]
(0, 1, -2, -1), [1.249999982070352, 1.2499500703580215]
(0, 1, -3, -1), [1.2367031736251608, 1.2499999348369557]
(0, 1, 2, 0), [1.2499880556203478, 1.2499983433192656]
(0, 2, 2, 0), [1.2499967360511381, 0.23726571176462077]
(1, 1, 1, 0), [1.1770104078067622, 1.2499993182947073]
(1, 2, 1, 0), [1.2499884066244003, 1.1371212075129082]
(1, 1, 0, 0), [1.196979798148569, 1.24994199299915]
(1, 2, 0, 0), [1.2499787088228267, 1.2362187046876978]
(1, 2, -1, 0), [0.8136735033136648, 1.249905709169986]
(2, 2, -1, 0), [0.3365276108404204, 1.2492075289787246]
(2, 2, -2, 0), [0, 1.2488996526446845]
(2, 3, -2, -1), [1.2088337923379486, 0.12485678601793544]
(2, 2, -3, -1), [0.2374999961486723, 1.2499960095752194]
(2, 3, -3, -1), [0.1249999987372573, 1.2499843543583307]
(1, 1, 3, 0), [0.3387498757495694, 1.2490065197648887]
(0, 2, -3, -1), [1.2499897186160644, 1.2420466429625332]
(1, 1, -1, 0), [0.3385676507007605, 1.249959753325348]
(2, 2, -2, -1), [1.2495511282489145, 0.33509941359262996]
(0, 2, 1, 0), [0.963905665733016, 1.249982091003628]
(0, 2, 0, -1), [0.9542075701426044, 1.2497311508494884]
(0, 3, 0, -1), [1.2496080223383688, 0.11868206831789728]
(0, 2, -1, -1), [1.2495041668187519, 0.42974877753402035]
(0, 2, -2, -1), [1.2498974311142919, 0.1249814106034388]
(0, 2, -2, 0), [0, 1.2456431467688613]
(0, 2, 0, 0), [0.12498056369213827, 1.2496860865318733]
(0, 2, -3, 0), [0, 1.249823531246443]
(2, 2, 0, 0), [1.249973822291277, 0.10713841220383696]
(2, 1, 0, 0), [1.2498379448112458, 0.8965785649207971]
(2, 0, 0, 0), [1.2499796484920453, 0.33835717315265385]
(2, 0, 1, 1), [1.2497534011909133, 0.6260807822655498]
(2, 0, 2, 1), [1.2485733240468146, 0.5706129205892148]
(2, 0, 3, 1), [0.6986269511253911, 1.2443489411000153]
(2, 0, 4, 1), [0, 1.2401789983066962]
(1, 2, 2, 0), [1.2499781224045297, 0.12499994275561338]
(0, 0, -1, 0), [1.2499995361369054, 1.2429362236637254]
(0, 3, -1, -1), [0.23744391177312943, 1.2428967797915065]
(0, 3, -2, -1), [1.2491458413072383, 0.20569149036656467]
(0, 2, 1, -1), [0.23711812116716813, 1.2499122301040353]
(0, 3, -3, -1), [0.12499882470115176, 1.2468095076583574]
(0, 3, -4, -1), [0.9640342893854612, 0]
(1, 2, 0, -1), [0.12499951560308907, 1.2497358358467283]
(1, 3, 0, -1), [0.23289699576403283, 1.2496534555579963]
(1, 3, -1, -1), [1.246641839020348, 0.33847224348155747]
(1, 3, -2, -1), [1.2498393516598088, 0.23743410753468597]
(1, 3, -3, -1), [1.2494427157086432, 0.3387350332411324]
(1, 2, -3, -1), [0.12499999994805418, 1.2498789208491226]
(0, 2, -1, 0), [0, 0.42179678868866366]
(2, 0, 0, 1), [1.2499577026035327, 0]
(1, 2, -2, -1), [1.2493539371626738, 0.21842861072856354]
(1, 2, -2, 0), [1.2482265509162507, 0.3300529723240321]
(1, 2, -3, 0), [0.12499999162575387, 1.249993971298563]
(2, 2, -3, 0), [1.2499965069797077, 0.3387314502403898]
(2, 1, -1, 0), [1.249828222684756, 0.2371029683467007]
(0, 1, -3, 0), [1.2403092671124663, 1.249999888700942]
(1, 0, 1, 0), [0, 1.2447339409786577]
(1, 1, -3, 0), [0, 1.041380418588216]
(0, 3, -2, -2), [1.1574081397279443, 0]
(2, 0, 1, 0), [1.2498713806353137, 0.12357949094582124]
(0, 1, 3, 0), [1.0800089965527735, 0]
(2, 1, 1, 0), [1.2384378635717876, 0.2369028305737016]
(2, 0, -1, 0), [0.8567224580304317, 0.1248477857062365]
(0, 0, 1, 1), [0, 1.2447814601028793]
(0, 2, -4, -1), [0.8577367541060753, 1.2499999619981343]
(0, 0, -3, 0), [1.2274929280270555, 1.2492701930639092]
(0, 0, -2, 0), [1.249994878015651, 1.246939295943061]
(2, 2, 1, 0), [0.12485953807386058, 1.2300466766282716]
(1, 0, 3, 1), [0.8141492636377283, 0]
(2, -1, 3, 1), [0.12499999679582943, 0.8577342071686578]
(2, 1, 2, 0), [1.1383766349983966, 0]
(0, 1, -4, -1), [1.20707893890739, 0]
(2, 0, 2, 0), [0.8954137474201994, 0]
(1, 2, 3, 0), [0, 0.47471904436021295]
(0, -1, -1, 0), [1.2499775573588607, 0.4297840041070802]
(0, 0, 3, 1), [0.4298717033904377, 0]
(0, -1, -2, 0), [1.248914148140178, 0.42985588495058463]
(0, -1, -1, 1), [1.2217066689737979, 0]
(0, -2, 0, 1), [0.40485127779726926, 1.2457111157379115]
(0, -2, -1, 1), [1.2415662836164285, 0]
(0, -2, 2, 1), [1.2476542465725107, 0.41809630246397705]
(0, -2, 3, 1), [0.6393780927147799, 1.2498528855276803]
(0, -2, 1, 1), [1.2490410131350105, 0.12499999863311405]
(0, -2, 4, 1), [1.2472266214551457, 0]
(2, -1, 3, 2), [0, 0.6521288511978659]
(0, 0, -3, -1), [0, 0.4298743174741648]
(0, 0, 2, 1), [0, 0.7427386838262175]
(2, 3, 1, 0), [0.33743288845412533, 0]
(1, 2, -1, -1), [0, 0.9296895599736011]
(1, 0, 0, 0), [0, 0.6974452643947162]
(0, -3, 3, 1), [0.42987499717268474, 0]
(0, 0, 0, 1), [0, 0.5118862200111326]
(0, 1, 1, -1), [0, 0.5117894964451736]
(0, 0, -2, -1), [0.2374999999896138, 0]
(0, -2, -1, 0), [0.91366012775356, 0]
(0, -2, 0, 0), [0, 0.9392313566194126]
(0, -2, 1, 0), [0.3183587862710984, 0]
(1, 0, -1, 0), [0.5453502522876941, 0.10553280000000001]
(1, 1, -1, -1), [0, 0.12488709067583176]
(1, 1, -2, -1), [0.1, 0]
(1, 1, -3, -1), [0, 0.12499999999083695]
(2, 1, -3, 0), [0, 0.2373831829223563]
(1, 1, -2, 0), [0, 0.33762772224274673]
(0, 0, 0, -1), [0.4298353257807685, 0]
(2, 1, 3, 0), [0, 0.3387499753215703]
(0, -1, -3, 0), [0, 0.12499831825403529]
(-1, -2, 3, 1), [0.12497527727818625, 0]
(0, 0, -1, -1), [0.33874273397008076, 0]
(0, -1, 4, 1), [0, 1.2477537013985955]
(-1, -1, 1, 0), [0, 0.3547061683264]
(-1, 0, 1, 0), [0.35345052668800003, 0]
(-1, -1, 2, 0), [0, 0.3490739344]
(-1, 0, 2, 0), [0.28161169632000005, 0]
(-1, 0, 3, 0), [0, 0.21499959271270036]
(-1, -1, 0, 0), [0.27280000000000004, 0]
(-1, -2, 1, 0), [0.1, 0]
(-1, -2, 1, 1), [0.2766, 0]
(-1, -2, 2, 1), [0.27349878402967565, 0]
(-1, -3, 3, 1), [0.23743751385636258, 0]
(0, -2, -2, 0), [0.11370897003256304, 0]
(0, -3, 0, 1), [0.19, 0]
(-1, -3, 1, 1), [0.1, 0]
(-1, -3, 2, 1), [0.1, 0]
(-1, -4, 3, 2), [0.12499984338101403, 0]
(2, 3, 0, 0), [0.12499791891087507, 0]
(2, 2, -1, -1), [0.3386413682339766, 0]
(0, -2, 2, 0), [0.1249672940404869, 0]
(-1, -2, 0, 0), [0.10200000000000001, 0]
(2, 1, 3, 1), [0, 0.12499999733546581]
(0, 3, -3, -2), [0.12499999952743293, 0]
